98.2772669555802 0.8838159404880273 68.5632005484034 3.5242027648406626
46.79868547606974 0.9202082101295517 29.41655793340906 3.4805312054838726
77.47361618288473 0.7809379220172469 73.74343827553491 3.6268043468949354
94.91709970833612 1.2949157519149088 19.37235033864866 3.108583868646002
83.85249720365337 0.9936184640762252 42.6945676210449 3.4120756945165582
31.27987645886372 0.49305918204105226 96.16869178289184 3.9146456650404016
86.48255733415698 1.4174520667572352 10.94906328106423 2.983620605037899
54.61086457088311 0.6498618929080165 81.37792975444265 3.7576627615192604
16.54376848039033 0.48537963807626616 53.86439284261614 3.9173329733219933
45.02136447627001 0.6286315468987358 72.87900686320889 3.777995397597322
33.69039630005096 0.5886639608327582 64.41184155157424 3.816688465789091
14.479933710299075 0.46080061788114035 55.37549283096036 3.941997689165721
34.65917978075351 1.1277153585103001 11.95007074670016 3.262543605330283
12.847058151631474 0.5329510452953737 32.40270141252206 3.863071131983742
20.92209063000662 0.5287362989138792 53.28624347842812 3.874259345676305
73.45540540456533 0.7440509486643732 78.69372873657244 3.6638500928322295
75.92934990565271 1.48412009543191 6.900650164707434 2.9142953143955674
84.18785127507317 0.8470786717703579 65.46710233917659 3.5603787289851456
73.29788290261115 0.9127767087090657 47.03476935774004 3.4928249919856964
42.660476309688356 0.8506739068308024 32.88714484835184 3.5504051535848116
59.151522697755354 0.6478537881435332 88.77213588775663 3.76019743180702
38.43192907861076 1.5761798132148102 1.7345551580225105 2.8048606123797235
59.81054314674476 0.7925037266269338 54.95856403339361 3.613214077581668
37.957436795760024 0.7409152262458517 41.22341053505922 3.661437735793074
20.04173807601639 0.7760784376923132 19.542589991793747 3.6144046410080075
2.78173813621464 0.3823995730468828 24.06215042883143 4.00435889538168
45.551573745826055 1.1832837601398098 13.295095463732153 3.2113839198605834
41.96278652816988 1.0590792003542318 17.7067090385679 3.336879609629989
64.67937407635804 0.67280196069863 88.49148615329041 3.73537101248375
2.3408403083867158 0.47151933464157536 9.580316927377941 3.8796403381092825
89.69993997522775 0.862940556906593 66.54127338803075 3.544740807437296
50.544086429792145 0.7167830352984427 59.38513888053279 3.6889146702549453
61.75372168763972 1.3689371929350087 9.530156333547923 3.027779708741431
98.82110658130432 1.2154632776759466 26.21174236310486 3.1892490360564745
44.60625940693815 1.2828248161670859 9.414819250562923 3.109230894300122
12.92393024025098 0.3904451686779927 90.43351182978358 4.016295767327038
41.70258480043481 0.6820512940679812 55.340979053052166 3.7227300456080674
36.905496250577684 0.5193182327747866 97.89902084144312 3.8886313667370427
52.65684878744504 1.3803078714081631 7.735743751268154 3.0132374196275054
23.272981761376766 0.6309940167548105 37.59071514108555 3.768788413899137
73.99075945377899 0.717030013577181 86.70565616095287 3.6912776023380487
79.42947529240874 0.6990088632355359 98.9697584295624 3.7099115480176317
13.206600102836429 0.45881326965748837 51.33934626224921 3.9430893999751384
54.06285836474972 1.3677536451190626 8.361392432205072 3.0265488229456716
25.06152812107394 0.5852890877703822 48.79843565216786 3.8172761855424677
33.95884420521648 1.171769345188605 10.24389686211884 3.2167286577056546
24.65692503052165 0.4846144612687057 79.99305982086979 3.921768770742511
13.708314625826413 0.4427459601477339 59.72797585815176 3.960714720862557
37.28246604544232 0.699288002802122 46.60573294697695 3.703958649274176
1.3794833417671293 0.3063212890907303 98.55996825426217 4.100590970999745
32.99448117277856 0.5818918821130739 64.97321152858476 3.823483058713063
35.66007953340103 0.7171522750339713 41.943540583816194 3.6851178759029986
74.22172888854051 0.7570797385265071 76.22358670400095 3.6507094879083
18.243049052167272 0.4242795956548508 91.31827204917053 3.9827162293419547
56.852489541060024 0.6173160844987962 96.10057950244232 3.7910291289855005
61.126064711915284 0.8936756043722378 41.47133966479129 3.510577292560574
57.106401221350445 0.6965195098850662 71.87804228039386 3.710475721524469
68.2854515150956 0.6547076995090532 99.80648361007142 3.7540338091742234
10.14767953787744 0.8109142270556025 8.96121070858208 3.5544447309959426
77.90106533068425 0.8556329010363226 59.06761848916232 3.5511907564144636
73.64364270169186 1.5914441078886064 3.0492312586771098 2.8050433440280367
14.905369225441278 0.6466566154957374 22.844409419069812 3.744386673092784
56.86053160673483 0.6416507248583233 87.38641721067447 3.766271041291812
76.13917953107378 0.8463942960286931 59.342333644782784 3.560384928652277
25.60136185128955 0.5231917303190541 66.86580812799875 3.881989123322586
72.94201360174061 0.6858879808236349 95.18753749356247 3.7227623839804385
63.35365165262758 0.8274832151952852 52.287064591485674 3.57814634393936
6.876439759825348 0.4066032158906279 41.96842870666807 3.9919959647995817
77.06786629034865 0.745121233992355 82.26203206092745 3.663050047807508
60.92530434424949 1.2053731429847165 16.635954281059572 3.193773480988501
61.94873138698704 0.8980075296474664 41.50200390033031 3.5063044027775767
76.20926186465229 1.1637725954584397 23.677356834820607 3.238875807950853
33.970211753236235 0.7688827151354791 33.72591510488567 3.631311662823606
38.50513656710031 1.2785889670845798 8.227281810057264 3.1101428489317784
82.22070377545883 0.967331631793808 45.11780205290028 3.43851645942137
74.79372096133666 0.7868962690591175 69.88419407371073 3.6205441365583346
78.40055719283686 0.7879010968723124 73.01455329195775 3.6198264366904387
86.58414853314589 0.9246505028357634 53.68032975515342 3.4820961621603894
24.208831466863245 0.4852181206748619 78.27746255015369 3.921002550669607
33.4623737657494 1.0253176612422097 15.557040853781245 3.367119721660021
1.9297180526190227 0.32057470872505933 60.8317432816067 4.082076357724674
72.48417347224499 0.7332036356124089 80.47596070933271 3.674764869959833
78.89095640068028 0.8837323092124938 55.07117367385167 3.5228268897694264
67.3627723777112 0.6828960470825942 88.87443966535757 3.7253585930769253
95.91017315996068 0.8204530485349093 80.77346298177449 3.5880760241630543
39.419036638831564 0.7397438567517324 42.964845417471764 3.663064894802228
30.005003788162043 0.6234499705181379 49.76316493110874 3.7797173814083567
61.415866777222526 0.9524719159858239 35.17020455841438 3.450876986802558
15.36493416779754 0.582009114011471 30.627756929270824 3.8137740367438537
32.136737248999104 0.6679524256663105 44.97056713258571 3.73455891286592
15.768360974264306 0.8190109064401905 13.481775271548791 3.562655725295342
48.25071179165619 1.4575197009652872 4.97204224877259 2.932593064199209
1.5949009384371382 0.5853539133104001 3.768652278318585 3.6890910805571844
46.27182185292865 1.1738170418950626 13.90613978008879 3.2213507423177328
23.17466158017042 0.8623746628993569 17.30980755805921 3.5275753771478366
31.462156034839804 1.3931915240135289 4.308295194797163 2.9863867829437902
57.62603452596863 0.7438772935713625 61.831750938467614 3.6623658157814716
55.17153683045336 1.123453813939643 19.309734957091116 3.275629159133855
36.118639463476 0.5161765109280307 97.44472564482159 3.891728874028977
26.345920081889496 0.5663358258851886 55.76567075847421 3.8374825217426296
